% From:
% https://raw.githubusercontent.com/epiforecasts/covid global/master/national summary/rt.csv
% For Peru
% Accessed Apr 27 2020
%date	median	lower_90	upper_90	lower_50	upper_50
2020 03 04 2.4 1.4 3.4 1.8 2.6
2020 03 05 2.3 1.4 3.3 1.9 2.6
2020 03 06 2.2 1.4 3.1 1.8 2.5
2020 03 07 2.2 1.5 3 1.8 2.5
2020 03 08 2.1 1.5 2.9 1.8 2.3
2020 03 09 2.1 1.5 2.8 1.8 2.3
2020 03 10 2 1.4 2.6 1.7 2.2
2020 03 11 1.9 1.4 2.5 1.7 2.1
2020 03 12 1.9 1.4 2.4 1.6 2
2020 03 13 1.8 1.4 2.3 1.6 2
2020 03 14 1.8 1.4 2.2 1.6 1.9
2020 03 15 1.7 1.3 2.1 1.5 1.8
2020 03 16 1.7 1.3 2 1.5 1.8
2020 03 17 1.7 1.3 2 1.5 1.7
2020 03 18 1.7 1.4 2 1.5 1.8
2020 03 19 1.7 1.4 2 1.6 1.8
2020 03 20 1.8 1.5 2.1 1.6 1.9
2020 03 21 1.8 1.5 2.1 1.7 1.9
2020 03 22 1.8 1.5 2.1 1.7 1.9
2020 03 23 1.8 1.6 2.2 1.7 1.9
2020 03 24 1.9 1.6 2.2 1.7 2
2020 03 25 1.9 1.6 2.2 1.7 1.9
2020 03 26 1.9 1.6 2.2 1.7 1.9
2020 03 27 1.8 1.6 2.1 1.7 1.9
2020 03 28 1.8 1.6 2.1 1.7 1.9
2020 03 29 1.8 1.6 2.1 1.7 1.9
2020 03 30 1.8 1.5 2.1 1.7 1.9
2020 03 31 1.8 1.5 2 1.7 1.8
2020 04 01 1.7 1.5 2 1.6 1.8
2020 04 02 1.7 1.4 1.9 1.5 1.7
2020 04 03 1.6 1.4 1.8 1.5 1.6
2020 04 04 1.5 1.3 1.7 1.4 1.5
2020 04 05 1.4 1.2 1.6 1.3 1.4
2020 04 06 1.3 1.1 1.5 1.2 1.3
2020 04 07 1.3 1.1 1.4 1.2 1.3
2020 04 08 1.2 1.1 1.4 1.2 1.3
2020 04 09 1.2 1.1 1.3 1.2 1.3
2020 04 10 1.2 1.1 1.3 1.2 1.2
2020 04 11 1.1 1 1.2 1.1 1.1
2020 04 12 1 0.9 1.1 1 1.1
2020 04 13 1 0.9 1.1 1 1
2020 04 14 1 1 1.1 1 1.1
